---------------------------------
  List of current working seeds
---------------------------------

--== Starting at Long.MIN_VALUE (-9223372036854775808) ==--
Array 1: [1, 5, 3, 5, 5, 1, 1, 3, 3, 5, 5, 3, 3, 5, 1, 3, 5, 5, 1, 3]
Array 2: [5, 5, 3, 5, 3, 1, 5, 5, 1, 1, 1, 3, 5, 5, 3, 3, 5, 3, 1, 3]
Seed: -9223372035417550248

Array 1: [3, 3, 5, 5, 5, 1, 5, 3, 1, 3, 1, 5, 1, 1, 5, 3, 1, 3, 1, 1]
Array 2: [1, 3, 5, 1, 3, 1, 1, 1, 5, 5, 3, 1, 5, 3, 3, 3, 5, 1, 5, 3]
Seed: -9223372033292148033

Array 1: [1, 1, 5, 1, 5, 1, 1, 3, 5, 3, 5, 1, 1, 1, 1, 1, 5, 3, 3, 5]
Array 2: [3, 3, 1, 3, 3, 1, 1, 5, 5, 3, 3, 5, 1, 5, 5, 3, 5, 3, 3, 1]
Seed: -9223372033243552541

Array 1: [5, 1, 3, 5, 3, 3, 1, 3, 1, 3, 1, 5, 5, 5, 3, 3, 5, 3, 3, 1]
Array 2: [5, 1, 3, 1, 5, 1, 3, 1, 5, 3, 5, 1, 3, 1, 1, 1, 5, 5, 5, 5]
Seed: -9223372033136347478

--== Starting at 0 (Adding 1) ==--
Started running at ~10:10am
Array 1: [1, 5, 3, 5, 5, 1, 1, 3, 3, 5, 5, 3, 3, 5, 1, 3, 5, 5, 1, 3]
Array 2: [5, 5, 3, 5, 3, 1, 5, 5, 1, 1, 1, 3, 5, 5, 3, 3, 5, 3, 1, 3]
Seed: 1437225560

Timestamp: 2023.11.28.17.54.15
Array 1: [3, 3, 5, 5, 5, 1, 5, 3, 1, 3, 1, 5, 1, 1, 5, 3, 1, 3, 1, 1]
Array 2: [1, 3, 5, 1, 3, 1, 1, 1, 5, 5, 3, 1, 5, 3, 3, 3, 5, 1, 5, 3]
Seed: 3562627775

Timestamp: 2023.11.28.18.10.43
Array 1: [1, 1, 5, 1, 5, 1, 1, 3, 5, 3, 5, 1, 1, 1, 1, 1, 5, 3, 3, 5]
Array 2: [3, 3, 1, 3, 3, 1, 1, 5, 5, 3, 3, 5, 1, 5, 5, 3, 5, 3, 3, 1]
Seed: 3611223267

Timestamp: 2023.11.28.18.39.24
Array 1: [5, 1, 3, 5, 3, 3, 1, 3, 1, 3, 1, 5, 5, 5, 3, 3, 5, 3, 3, 1]
Array 2: [5, 1, 3, 1, 5, 1, 3, 1, 5, 3, 5, 1, 3, 1, 1, 1, 5, 5, 5, 5]
Seed: 3718428330

--== Starting at Long.MAX_VALUE (9223372036854775807) ==--
Timestamp: 2023.11.28.20.57.43
Array 1: [5, 5, 1, 5, 5, 5, 5, 3, 3, 5, 3, 3, 5, 5, 1, 5, 3, 5, 1, 5]
Array 2: [1, 1, 3, 1, 5, 5, 3, 5, 1, 5, 1, 3, 3, 5, 3, 5, 3, 1, 3, 5]
Seed: 9223372036644388849

Timestamp: 2023.11.28.21.47.38
Array 1: [5, 3, 1, 5, 5, 5, 3, 5, 5, 5, 3, 5, 1, 1, 5, 3, 5, 5, 5, 5]
Array 2: [3, 5, 5, 3, 5, 3, 1, 3, 5, 3, 3, 1, 5, 5, 5, 3, 3, 5, 3, 3]
Seed: 9223372035696471498

Timestamp: 2023.11.28.22.30.57
Array 1: [1, 1, 5, 3, 3, 1, 3, 5, 1, 5, 5, 3, 5, 5, 3, 1, 5, 5, 5, 3]
Array 2: [1, 3, 1, 1, 3, 1, 3, 1, 5, 5, 3, 3, 1, 1, 3, 5, 1, 3, 5, 5]
Seed: 9223372034879436620

Timestamp: 2023.11.28.23.03.21
Array 1: [3, 5, 1, 3, 3, 3, 1, 1, 3, 1, 5, 1, 1, 5, 3, 3, 3, 3, 3, 3]
Array 2: [1, 5, 1, 1, 5, 1, 1, 1, 3, 3, 1, 3, 1, 1, 1, 3, 1, 3, 1, 3]
Seed: 9223372034613437495

--== Starting at 0 (Subtracting 1) ==--

Timestamp: 2023.11.29.01.07.43
Array 1: [5, 5, 1, 5, 5, 5, 5, 3, 3, 5, 3, 3, 5, 5, 1, 5, 3, 5, 1, 5]
Array 2: [1, 1, 3, 1, 5, 5, 3, 5, 1, 5, 1, 3, 3, 5, 3, 5, 3, 1, 3, 5]
Seed: -210386959

Timestamp: 2023.11.29.02.21.51
Array 1: [5, 3, 1, 5, 5, 5, 3, 5, 5, 5, 3, 5, 1, 1, 5, 3, 5, 5, 5, 5]
Array 2: [3, 5, 5, 3, 5, 3, 1, 3, 5, 3, 3, 1, 5, 5, 5, 3, 3, 5, 3, 3]
Seed: -1158304310

Timestamp: 2023.11.29.03.22.13
Array 1: [1, 1, 5, 3, 3, 1, 3, 5, 1, 5, 5, 3, 5, 5, 3, 1, 5, 5, 5, 3]
Array 2: [1, 3, 1, 1, 3, 1, 3, 1, 5, 5, 3, 3, 1, 1, 3, 5, 1, 3, 5, 5]
Seed: -1975339188

Timestamp: 2023.11.29.03.50.29
Array 1: [3, 5, 1, 3, 3, 3, 1, 1, 3, 1, 5, 1, 1, 5, 3, 3, 3, 3, 3, 3]
Array 2: [1, 5, 1, 1, 5, 1, 1, 1, 3, 3, 1, 3, 1, 1, 1, 3, 1, 3, 1, 3]
Seed: -2241338313